0.965400
0.916100
0.978700
0.986900
0.937900
1.023500
0.962000
0.995300
0.942900
0.947500
0.949900
1.017900
1.021200
1.007100
0.956900
0.995800
0.971200
1.033500
0.952800
0.957000
0.960500
0.982200
1.028900
1.002000
0.972500
0.962500
0.998400
1.015300
0.980300
1.019000
0.966900
0.985000
0.916200
0.973100
0.991600
1.015700
0.978300
0.938300
0.973700
0.952400
0.998600
0.914300
1.070300
0.911300
0.973900
1.034400
0.986400
0.998400
0.980200
0.948600
