0.981700
0.998200
1.023400
0.996300
1.086200
1.040700
1.108500
1.081600
0.987200
0.946600
0.976900
1.015900
0.988800
1.080700
1.055400
1.026900
0.943700
0.926200
0.970900
0.917900
0.992900
1.119400
1.111800
1.015600
1.069100
1.048600
1.044600
0.979100
1.081900
1.126600
0.955500
0.934500
1.053900
1.119900
0.934000
1.092000
1.068900
0.981600
1.023100
0.949300
1.028400
1.071600
0.988500
1.009900
0.988500
0.947900
0.988000
0.992000
1.039000
0.922900
