0.993300
1.025600
0.999800
1.032200
1.028200
1.010000
1.059100
0.925200
1.016800
1.026600
1.027400
1.011100
0.979500
1.040500
1.055600
0.994200
0.966400
1.024000
1.018600
0.946700
1.016700
0.989800
1.061300
1.049400
0.994500
0.985400
1.010900
1.065200
1.053300
1.061000
1.036000
0.944800
0.966700
1.051100
1.006000
1.003900
1.041900
1.005500
1.033200
1.015200
1.100800
1.015300
1.034400
1.017100
0.986100
1.039300
1.065100
1.022500
1.022100
1.080900
