0.968300
0.985900
0.939700
1.019000
1.030200
1.029200
0.939600
0.982800
1.015300
1.029900
0.988200
0.980100
1.027400
0.972700
0.993500
0.988700
1.008700
0.966400
1.037200
1.056800
1.059700
1.022000
0.998300
1.035800
1.045700
0.997200
1.017500
0.972100
1.018100
0.974100
0.984400
1.035700
0.973900
0.960200
1.056200
1.042800
1.042100
1.002700
0.936500
1.023800
0.981800
1.045400
0.985400
1.019500
0.999900
1.069200
0.988900
1.025900
0.974600
0.970900
