1.012200
0.945600
0.970300
0.950400
0.982400
0.942700
0.965000
0.968300
0.984400
0.982300
1.004100
0.947600
0.978600
0.949300
1.013600
0.943600
1.018500
0.986500
0.966500
0.974900
1.083200
0.906000
0.987100
0.929200
1.005800
0.992600
0.951900
0.983100
0.994300
1.019300
0.953200
1.002100
0.985600
0.920700
0.872000
0.969400
0.989900
0.981000
0.948200
0.942600
0.937900
0.980000
0.930200
0.908300
1.011700
0.955300
0.896100
0.934900
1.000700
0.946800
