0.976600
0.945900
1.009800
1.000700
1.141700
1.153100
1.054700
0.977100
1.038000
1.091700
1.056900
1.057900
0.966200
1.057200
1.097000
1.024300
1.209300
1.043200
0.994600
1.143700
1.193700
1.018200
1.059700
1.080300
1.007200
1.126200
1.028000
1.033400
1.083300
1.054200
1.132500
0.963300
1.084900
1.161900
1.140400
1.204300
1.084500
1.031400
1.164400
0.925700
1.156400
1.123100
1.155900
1.099300
1.039600
1.140600
1.023800
1.030000
1.141900
1.080500
